1.000000000000000000e+02
4.320000000000000000e+04
8.640000000000000000e+04
1.296000000000000000e+05
1.728000000000000000e+05
2.160000000000000000e+05
2.592000000000000000e+05
3.024000000000000000e+05
3.456000000000000000e+05
3.888000000000000000e+05
4.320000000000000000e+05
4.752000000000000000e+05
5.184000000000000000e+05
5.616000000000000000e+05
6.048000000000000000e+05
6.480000000000000000e+05
6.912000000000000000e+05
7.344000000000000000e+05
7.776000000000000000e+05
8.208000000000000000e+05
8.640000000000000000e+05
8.640000000000000000e+05
9.504000000000000000e+05
1.036800000000000000e+06
1.123200000000000000e+06
1.209600000000000000e+06
1.296000000000000000e+06
1.382400000000000000e+06
1.468800000000000000e+06
1.555200000000000000e+06
1.641600000000000000e+06
1.728000000000000000e+06
1.728000000000000000e+06
2.592000000000000000e+06
3.456000000000000000e+06
4.320000000000000000e+06
5.184000000000000000e+06
6.048000000000000000e+06
6.912000000000000000e+06
7.776000000000000000e+06
8.640000000000000000e+06
1.296000000000000000e+07
1.728000000000000000e+07
2.160000000000000000e+07
2.592000000000000000e+07
3.024000000000000000e+07
3.456000000000000000e+07
3.888000000000000000e+07
4.320000000000000000e+07
